nmmum.

1111111111 011
(ibid.) 01110101 01010οι0 3111110101 110111113
mit 101 1011010. 76, 010011010111 0011
11101 110 1100011101 1111100000111101111
01111101 110 1701101 110111101011110301,
01 habe 0101101101100 80101010 an Ρο1101
01110101 0. 78, 1111 101 1101001001101 1101-
0101 1010011 1011101ου 0100 11011113
zum Frieden mit 1111010111000111 0. 79,
1111311001 110 301100 11110110 0110 001-
101101101 1711010111 11101 0111 0. 87.
3011011101 101 11011311 Ρο11010. 1210,
100001 11010101 101101 110301 110130110-
bom-Mitto! 0100 0010111011 0136, 1101
110 7001113 010011 8111101111101101
7011101 1011111 0. 117, 1111111011, 010111
010101 1011001101 110111 1101101 0011 0.
176, 30101101 8010101101101 [11100101
0. 177, will 1110101101 1001113011 0. 181,
will 1000 1111113011 001101801101101 11011
0110101001 und 10111111181, 1110010101
111 0110 victori 11, 10001101100οο0111101
110 Flueht 11101 101 11110001 3010101001
(ibid.) ’701πί111101 11111311 11 Ρο1101
01111 100 111130 1011010Ιί01 30110011 0.
160 (010), 011111111 110 81011 ’111101011
1100110110 0. 168. 01101001101010 0101110101
werden 10111000 1010010110 11101101 0111-
30101301 0. 196. 111101110110111001111-
111110 1111011. 11110101, 101010 zu 1001
1011310101 Polou 01 30101301 10101101
0111 0. 1110. 1100110 3100001111 0010111000-
11001011011 1111010001 10111101, 11010101
110301 101 1001113 0011110011 zu 11110
0. 59, 17011103 zu 170100101111011001101
0101013 0. 1103, 10001101 111 1110100101)
3001101001 0110110011 1000 21111110 111111-
000000.161. 110100101ιί011 1101011010-
10300110100101011111111000 0. 1411. Woy·
1101 100 3010011111 1111110101 100 101-
100 0011010. 168. Zu 1101011000 01013οι
101Ρ10100 aller 1111301001 0. 1109, 10-
001101 1011001 011 3100000 1101101301 01
1011011001 101 11003013 101 10111130
0166. 1111030-11011 01111 011101011101011.)
30101101 111 100 01000-17001010801101101
(10111101) 10110001. 1031011.

- 10οι 32. Theil und 100 Neu-
eingerichteten Diarii Europaei 00111-
nuatio Secunda 0101 Dritter Theil. 1676.

011. 703 1 Appendix.

Obejmujot 11011101-7010101101 Char-Bran-
10111131011001 101 dom 11111311 Ρο1101
1101110110. 110, 0101101 101 1111130 in
Ρο1101 001 ’011011 0101101010 wohl 11001101
111 10001010101 0, 199, Bau· 01111 101
101 ’11110101 111711101101100001 0. 260.
010010 8011 11111 101 01001111 13111101
3000101011132. 0000001101 11 3100101
1010111101 111 1110130101 11101 1101011011
dem Βο1000001100. 667. esur 1001110
0111100111 0130101, 111 11011011 0011

nmmum. 191

111100 30301 0000101100 01110111001010.
296, 0111111101 0101 101Ρ11101 1111111011
1010101, mit 1010 301113, 1000 010 0110
110 11οο0001101 mit 1010 1110101101101
1110101 0100101 011101 0. 138, 0111110 (101-
1110101 mit Ρο1101 001 30111000 00111-
110101 10130101100001 01018. [101ωο00110
1110101101 11111311 Polou 0111111100
0. 93. 11101101 0100 100181111031011101
10018111110011 31100 119, 011οἰ1-
glolehem 0100 11011011 1001 101 sud
11130 0. 196, 01001018011101100101 Onon
00001 11110011 100 0011 31000 0. 427. (111101-
11010 Ρ103100001 101 101101 11101 11110110
1000101 110 1110001. 0011 011011 0. 131.
(11011 Ρ101101 11111 nach 11010011 10110·
0101 0130111301, 110 11011311 11Ρο1101
1000110101 eomplimentiron 0. 271. 01000-
vanior verminat 110 1100001101 101 101
Ρο111001.113001011101101 0. 89. 11101111
Bassa 10110111 101 dom ’1110110101 11ογ-
001 10301 001100110111011101111311 Ρο1-
10101101 01011101 1101010100 0. 671. 11
1101101111310000 1111011, 110301 01100
11οο01πί11001οη 11110300 0. 66. 11011311
Ρο1101 0011011001 01 110 Ηο1100 Senatores
0100 dem 10301 110101 010101 0. 33, that
101011131011011113 1100101113 10301
10130101 111011000113 1010 111110-11010101
0. 28, 1101 01 110 1101101 1101010100 10·
11101οι01100 0100301001 0. 139, 100001 (111·
1113 1111 nach 11111301101110101111110110
1111111.“191’..”111111111111
111 800111113113 11101 privilegien 0. 297,
11011001110001 101 11100101 100110010-
berg 01 30101 (1111), 1000111 110 10110110-
0101 Platae in der 1111οἰ10 mit 31101
Οο1ι1001101101 0. 298. 80110111 an 101
01001 1111 9013110113113 1011000 0. 299.
1111311100101001100100 010110 1101001
011101011010130101 0131, 1101011001101
Numana-hg 011 1110010100 1000110101
01011101 0. 134. 8011011011οη chun com-
1100110101 101 11101010-110010101 mit
1001101101 Ρ100001101 01 ’0. 116, 11011011
101 ’11110101 0110 80110011 und 0110301
101001101 bey 15.000. 11011011 int 10301
01100 111000111100101 1111030 in 3100001
Furem 0. 66. 111101100101 111101·Οο111101
Putet 11011111 11111 110 11001113 Ρο1110110
(9010101110) 01 01191, 0101011 11000110
111 1101 01100 701010 1011111011 und Kin-
dem 110101101010. 996. 110000111ἱο0101
1130001111· 111111 00 10111013 01 0. 201.
111000011100101 10011011 10131 bey 1010
110113 11 Ρο11000 01 0191. 1100011101
0010001101 den 1101000001110011 1110 1101101
1111113010. 131, 1010100101 nich mit
(101 Ρο111100101101000 11 0011113101 0.
133. 9011010010 (1011010110 01111 0101 mit
10111001111011 0100110301 0. 26. Ρο1101
0101011 110 1001113 11010101 101 101
’11111101 0. 22, 1011101101 011130 1101011-

 

