181

DIARIUM.

1111818188 zu Luboek 1181888 88388188888
1. 78, 18188818388 81811 1188111181 1. 120.
88188 88881388 11811 118388 818881τοὶ88
8. 381. 1181811888 111188- 888 Crem-Tage
38888 1818188 8. 23. Ρ81811811811181881183
1181 noch 888188818118181188 1. 82, 811881
181888 11118831. 83. 8181181 8818818 Risu
8. 180, 111111 1811111188 1. 182, 818 1181181
111111 18838188118888 8. 127. Ρ818188118
811888 181 38388818 0811181188 118 1811118811
1. 4311. Ρ818118118 1188811138 zum 1881881113
11818811 88138888118888 8. 129. 8818188881
0188-88881881811181 1811188111 8818 111881
(181 0188 1181818888118 1. 428. Ρ81818888
1888881888 1181188 18188 11818888 (188888-
1118 bey 8818 181888 1. 83, 178, 188188
heim 811813 11881 11818188 888 1888188
818111 8818818 88881188 8. 84, 18888 11118
8180818181131811 1188188 188 888 H. H.
11818111-1811111811 3811188811 1. 86, 81811188 8811-
8888 darauf 88818888 (ibid.) 1181188888
(1818811188 8188 38818182811181181181888
(ibid.) 8888181188 18188 11811118 8111
111888 8188181813 8. 178, 118 8181888 aber
bey ihrer Meynung 11818 8881811 1. 179,
hulten 8881 188888888818188 1818888883
881 11888881 0818811188 881. 180, 1188188
88181 1188 8188 08818888181188 888 8. 181,
hulten 8111 888 micha-limen ihre Zu-
188888188818 8. 182. 811181188181 18
Ρ8188 1181181 1111 888 11811811888111 881811-
188881 1. 326. ’1811888888 (1811188188
1181888 188 1181188118 88381818381 1, 211.
’1811881888 0888811181 1818188811 1188
181188 8. 183, 389. Tartar 011818 8888118818
888 Pudhajeekisehen 7813181811 1811 Ρ8188
1. 388. Ι18818111181181 1181111181. 429.
1118818188 8111 11818118 11811188 vom 1111813
18 Ρ8188 8888111811 8888888188 8. 28. Woy·
11888188 0111888 1818111111. 88.

W Appendix do XIX. Ι111811 88111, 69-87;

1181111811ἰο881 Β811881 1181 des jotm’gen
11118131 18 Ρ8188 1811118818 0118181111 8888818
18181188818 888 8811888111 sind, welche
88811 1888111 Ρ818818188 888 11181113 88-
38888888 8811 bey neuen 1111813Ιί88811
Wahl 11811 8881811188 18888188, 111. 87-8.
8111881. 81888 8881818881 von Η8111838
von Lothringen Carolus, 88 818 Ρ8181881188
1111388188. 1831811.

- ’1811 08811888118Χ1Χ. (20181

Τ11811) 1670. 811. 11911 1 Appendix.

Julius 1668—1669. 8838888818 881111811-

88888188 18 Polen 8888811188 8111 8818
888811. 186. 11118 88811818 18 Polou 38-
11188881. 1111. 1181838 18 Ρ8188 188 818
8811888888- 8888888881111188111 8. 2118.
Baton 188 Βοί8888813 1811818888 Ρ8188
1. 1111. 81818818181811118188 88818 181-
18888 8. 20, 0111. 111881 11118 0888188881
88118888, 888 18811318188088881111888-
1381188] (ibid.) 1181181 18 8881888188 818811
1. 21. 8118888 18 01118888 11181 888 11181181

numm.

1111811 11811888 8. 121, 1181188 181811-
188888 1181188 888 1111118818 1. 321 Bm
chowitzky. 08188818881881811811 11118 38
11188111. 21. 0888188188 8188 818 cm
Ρ8188 8818881188 881. 312, 122. 088·
fusion in (11811- 88188 1111811888 881 1111181-
1811881888 888 88881818 8. 120. Com
881188 zu Warwhau 811881 ihren 181883
8. 122. 111118811131811 8111818111. 181, 08
188188 worden 188888 1181881118111 38
88818388 1. 123, 11811811 8188088881181
1881181883 1. 371. 081888188881 (1888118181
1181 18818818, 88811 88813181 818 schram
von. Dorosonoky 1. 262, numeram 1111
8811118188 8128. Deerat 111881 den 11188-
mirnky 11118 88111111. 470. [1188881888
21188888 dem 01811-08818181888081181·
1811 1811Ρ8188 1. 322. 081818811811118
11881· 1118881 381831 8, 21, 1818181181 11811
8111 1181888 1. 208. 8118811888888 1811
(188188 8888118888 konig in Polou 881.
181 8111 8888183883 881 8811181888 an
8881111838 8818818188 8818888838112011.
881188 8111818883ὶοί1 18 1811811883 8181
868131818111 Polou 8. 2111, 8888118881 881
088881118888 0818811188 1. 2113, 11111881
88 818 1111111888881 18 Klein Polen 1. 323.
8188118888 188 [18188813 11118 81181181
888 1118881 1181 8196. 8888881888 . 11 y
1111111113 1. 603... 18 1181881188 fib.) 111111 ,
1181181111 1181181 18 2000 1181811 881 888
11881183 8169. 811111 111118818πί1ὶί vird 1
8881 1111813 18 Polou 81118818181112. Ge ,
1111888 81881 81113811 88 1181881188 811 1
moyen 8818111888. 323. 0188 8888838888
11118 8818 1888118888 18 Polou 81111181
a. 117, 8181 1181888838.. 1. 811, 1
81111 181888 818183 18 1181181188 8 110. ,
(11811088818118 Ρ8188 11118 881 Parthos· ἱ
11881811 881888181318. 120. (1188818818
88388188 88Ρ818111 19. 888888 8811181881
11118 888 Horren 8181811 888188118111.
163. 11811183 188 1818118388 1111818811 fi
8811181188 1, 118, 1881131888 Ρ8188 8111- ’
111888 08881118881 vor 1. 206, komt 181 ,
1188 Ρ8181881188 (11181888 18111811 nath ἶ
Wien 1. 218, 881188 1811181888 tn 818 Ρ81· 1
818888 8111388188 1 373, 1881 18 Pola =
1818 Basta 1. 122. norwegia 18 0118118118 ;
118811 nach 8881388813 8. 367. 1111813111 ’
Ρ8188 181 881 8831818811-1881 1111188 119. .
1111813181 88188 8881888881-118818181188 ’
888 118883 88388888118 conditiones 8 {fin
wird 1881 811181888811 und 1188888181-
11818811811 181888 Votum 18 888818 38 ’
8811811118.) 888888 darauf gothano Erffl·
rung 8. 53, aeine 8881881188 3111118881 ihren
88113883 8. 86, 881888 Rode 1. 88, ⁸05¹ J
[1818111811 11118 88881811883881811 1. 118.

81188811 818 woywodnchnfft 188 vogen ¹
881881 Ρ18111188 1. 206, 818181 minen 811· .
183 1. 124, 1818818118818188888118 1111

8881388888181881881. 186. 1118181118
18 Ρ8188 381188 88 1. 13, 8811111111 (11·

 

