186

DIARIUM.

——--.—-

1111311 zu 011111111111 111 1. 261, 11111
ihren 1111111311 1111111111 1. 261. 11111-
11111 stando Froygebigkeit 313111 die
1111113. 11111 1111111 1. 219. 1111111111111
vollen ihren von Dorosszenko 1111111111
811111111111111111111 1. 173, deren 111·
311111 bey 1111 0111111111 111 11111111 1.
238. 1111111 Ρ111111111 11111111131111111-
1111111111. 111. Pactu 11111111 werdon
vom 1111113 11 Polou 1111111131 1. 7. Ρ111.
0111111111 1111111111 1111 11111 1. 227. Poln.
(1111111111 11111111 nach 11111, und 11116
mit 8111911111 1111111111 wieder 1131-
11111311. 1, 6, 11111 Fr. Audientz 1. 28,
vird 11 111111 11131111111. 201, 11111111
1111111111 1131111111111111. 1111 111111 Ur·
111111-1111111111 1. 296. Poln. (11111611
111111 1111 1111111 1. 172. Poln. Land-
1131 1113111111111111111 1. 11. Ρ111111111
11611111111111 111111 111 freyen 1111131
111111 1. 161. 1111111111 8166111111 dor
Kayserl. 1111111111 Η111111 111111 1111
111111111111111 1. 167. Ρ1111111111 11111111·
1131 Propositionen 1111111111 1111 1. 127.
Ρ111. 1111111113 111111 amisson 1. 169.
1111111111 11111111111111 11111111116111111-
113 1. 170. Poln. 1111 1131111101111111
1. 128. 111111111 81111111 11111111 6111
1101. 81111311 noch 11111311 1111111111
haben 1. 231. 1111111111 der 11111. 1111.
Proponit. 1. 79, 11 1111101111111111311
111101111111111111111111 worden 1. 172.
6111131111 1111111111 11111 11111. 0111111111
und 6111 1111111111 11111-Μ111111111 1111-
111 1111111111111. 12. 8111111111 21111111
111 1111 01111111 1. 281. 8111111111 des
011111611111 1111 11111101111111111311
dor Γ1111111 1. 9, 209. 8111111311111111
dom Poln. 11111 111111111111111 1111111113
1. 172.8116111111111111 1111161111 1111111111
11111111 1. 129. 'ranam 111111 1111111 die
8111111111 11131111111611111. 209. Tartar
6111111111 3111111111 dem 11111113 in Polou
111311 11311111111111 1113111113 1. 1116.
’11111111 11111111 1111131311 1111 1111111111
Creu-Armes 1. 9. 11111111-1111111111111
11116 3111111111 1. 125. 11110131111111111
1111113 in 11111 (1111111 1111111111 1. 41.
1111111111 2111111111 111 der 1111111111 1. 268.
1111131111111 21111113 au· 1111 1111111111
1. 89. 1111111111113 zur Poln. 0111111113
111111 3111111111. 11. 2111111111 1111111131-
0111111 11111 Poln. Untor-Cantzlers der
1111111113 11111111 111, 1111. 1111211
Polou 1116111111. 1111111111 111 11111-
31111 und 11111111 1. 202. 21111116 1111
Pola. 0111111111 11 1111 11111111 18.
sagien.

-1111 continuatio XXI. (22
Theil). Franefurt‚ 1671. 111. 472 1 Ap-

pendix.

1111111 1671. - Martius. -111111111670,
11111111 111 11111111 611 111111 111 Dant·

nmmum.

113 1. 181. omission 11111 (lon Gomcken ,

111111111 8111111111 1. 116. 0111111111
vird 11111 minumum Roiohmg 11111111
111111111111. 1110. 01111ὶὶ1111 011111-
1111111111111111 1111111111 1 139111·
pum. 11111 dom 11111113 zu 811111 111311
611 11111131. wahl 1. 011. 1111111111
churland 11111 1111111111 1 1117. umet
8111111111 111 1111111111 1111111111 1. 1111
1111111111 111 1111111 werdon bofi'iedigez
1. 297. 1111113113 111 ’Phora 11116 11111111
311111 wohl 11 1. 1171. Jahn-'1⁸23 1111
1111131111111 11111111 111111 3111171111. 119.
111111 dor 1111111111 1111111111 niuem
Pohlon 111111 uma 1. 297. 111113 und
1111113111 in Pohlen 11111111 12 amen 1111-
1111 und 11111111 111 'fischo 1. 291. 111
111 1111111111 11 dio muer-eham 1111
311111. 111. 1111111111 111111111311111
111111 1111113 1. 296, 111111 1111 311
11111111 111 296, vird 1111113111 1. 3111.
11111111 1111 1111111111 1111111111 (111111
1111111118111111111311 ihre 11111111
1111 1111111-111111111111 11 1. 343. 11111
6111 Ρ111111111 Haut-Canalem 11 111
Rath 111 111111131130. 6111111111.. m
Commendanton 11 3111111113 1, 376. 111
0111111111 1. 4111. 111111111111111111111
Ρ111. 1117111111 111 11111 1111113 ι. 311.
11111111121111111111 Polou 1. 818. cn·
1111311111 1111 1111111111 Magnana 1. 191.
1111118111 6111 8111311111 111111 1 611.
01111111 11 Polou 11111111 1. 428.
1131111
- Tot: continuatio XXII. (23

’111 11 11111111811ε 11111111161111111111
Δ11111111,ροᾱρί1111; 11. 11. 11. 8. ’11111
obejmujo: Julius 1670. - 11111. 1671.
1111111311 11111 111ηώ111111 11111111
1111111111 1. 1116. 11113 111 1111111111
111111 oin ι. 394. omum 111 11111
811111111111111111.143. emmonim
11 bey 1111 11111311 111 Polou 01111113
1113111311 1. 141. 011111-111111111111311
(1111111111 hulten su 1111111111 ihren 1111·
1113 1. 9. 01111111111111111 haim
111 1111111111 111111 11111131. 201. 011·
11111111111 wider 1111 1111113 111 Polou
111111 11 1111111 (1) 1. 262. 01111111 zu 1111
111111 11111111 111111 11111113 1. 16. eon·
11111111 Pon. 0111111111 111 1111111111 gv
111111 1. 147. 01111ὶί1111 (1111111111
werdon 1111 1111113 11 Pelen 111 1131
11113111. 11. 01111111111111111111111113
3111111111167. 0111111 1111Ρ1111
1. 268. 01111111111 list 111 unimam
1111 0111111111 1131111 1. 1151. Deum
(1111111111 111111 1111113111111 1. m
8111111111 ron 0111111 11111111 meh 11111·
111111 1. 109. 81111111 11111111 11111111
11 11111113 1113111311 1. 109. mamucha
21111111 in 111111 1. 18. (hou-Pom 81·

11111). 1671. 111. 471 iAppendix. ¹

 

