DIARlUM. nmmum 177

6515356 5. 236. Ρ5161551555 (15556615 16
Wien 5. 261. Κ5]5. (155656655553663
35356 poln. (155566156 5. 262. - 1155556-
655. 111565655665156 55155656 6556 Ke-
5135 0561556565156 666 6565561551] 5.
163-4. - 1155565655. 05555656 116566
5. 282. 1156151355 666 16 (151565 ihrer
166315565565115. 283. 1115555551566 5551-
551556 656 056616565156 666 6665615511

115156 1156616155 65656 65]65 1111613 Au·
615615 5. 163. 056551151 555356 116555-
55655153566511 zum 'rode 5556556651 5. 163.
1155 1111613 15561 6556 1566165656 nich
5651515. 164, 556561 5111565 5555516565
Truppen 56 5156 5164, 56 11565656 de·
liberirt 6556 eusdem 15661535 66556555
1665561551]115511161156 5. 166, 1155 11555
05555 6561515515155161355 56551655 5. 166.
11551551165655 (15556615 5. 283. 1665- Η555 6665561551] 551 5613551555 115555
6651155655* secretarius 16 Wien 5. 278. 5551116151 werden 5. 166. 1155Κὸ6131Ηοί

1531511, 5515511351 5156 565 1151655615 25115166.

- Το2; continuatio XIII, Vjer. und 55151511 5156 6515551156 zum 1151535
5566655 Τ6511. 556 655 656515656135156 ⁸· ¹⁶⁷· 116011

05556156156 ete. So 6565565566551156 “ T⁰2² (109ῗί111610 XIV· anff- Q
fiber in polea, wege„ Niederdffiokung 5566155 Thell. Dannnen ete. In Ρ5156

d„ innerlichen Empflrungen' dessglei„ aber, bey 1555665556 55551555656 11515115-

chen zszohen Engeflgnd ete, 1667Ι Τ535 666 vorgewesener innerliehen
gt„ 184, j Appendix¹ Lubomirskysehen 116566, 6155 5611 deren

0551614565156615156655165.1615615116 6111119119 Hinlegung 02⁰· Ζ9691136811·
65655165166166135. 22. 1156513 615661 1667. 515621.

5156 16 1561 5. 22. Dese 11116135 115551565- 1156]155]5356615515 1111568666 15153555,

5663 115156 56 1156513 5. 23. 1156151355
515655551556 5156 16 65565156351535656
11551556 655Ρ516. Einquertierung 5. 23.
lmen 656 Obr. 06515651] 16 551656 11111656
61561 516 5. 21. 8155115665 6615516 655
Lufft 666 ufm 6555 65] 1155615135. 21,
26. Η555 6665561551] wil 16 3551555515565
1555115555, 5156 ihm 563555615356 5. 26,
6550561665515156 65356556 555356 Ρ5156
666 11555156 5. 22. Die 5555116615 (15555
1156151566 556 1111155656 515 8565555155
611151 555 Herm Lubomireky 5. 26. 1155
11116131. Η511 616561 5156 555 656 05611565-
515156 16 1561 5. 26. 15661135 165115 5516513
165115 555 656 611513 5. 26, 27. 85665-
mischer 6666153 66556135 28. 1155 Ρ555-
615565 666 0565515565 1656153 35616556
55 5551 56 5. 28, andere 555515556 5. 29.
65665656 56 1156156155, Β111516 65566553
5. 29. 1155555, 0555155 651531 655 0555556
6551 5655 11515656 61115156 5, 29. 1155-
15156 616 (15161556 56555151156 e. 29.
1111656653 556 656 1111656556 61551151
⁸30- 05555156 15356 656155155505-
15563565 ab s. 31. Sapiehe Litthauieeher
(15555 15166555 511561 5. 31. 05555156
macheu 6556 Η5115 neue 855356 5611165565
65356556 615 3551615565 6555666356 5655
655 1165516155656 1551556356 5656616556
5. 31. 1155555615 556 656 Tartaru zum
Ooeakieehen Feldherr 3555151 5. 32, 0555-
5156 5166 655 Ρ5156 665565655135, 32. Do-
5555615 151 61 551655 Η615. 32. 05555156
556656 56166 8565551556 11555 5127.-
Februarius. Ρ5156 151 6556613 5. 161.
(15655511566153 56 Μ5515666531115515156
5561556156 551556 5. 161, 15156 6556 1515·
61156 355561351 5. 162. (1565551 1666153
56 1155651561 156111 5561556156 5. 161. 1116
’1615515566 66355566155 und der 05611165-

535556655555 Μ. Μ, Η. S.

05516 15. obejmuje: Martius. Die 0556 666

Republik Ρ5156 151 in 5156 5516516656613
5. 66. 1155 1151565153 55515655 615 Ruh
wieder 6516356 5511, geht 56 1115555656 56
165115 5611 66655151 556 165115 5611256156
555356 6555161663 51655 1566651656 1155-
5565115 5. 67. 111555 1115151 55151 655 1151565-
153666 655556 seherio 56511515. 67. Die
Lubomirekyeche Parthey 65156661 65655
(15153566511 655]5515] 56 65356556, 555556
655 55515 5156 6556 6165561156156 least,
(155 566555 355 5565551156 5. 69, 655 651115
5655 615161 5155156 5. 70. Die 11116131.
Ρ55165] 611115 3556 656 Ρ5615655551]85665·
6515155656 1566651656 565 6551555565]-
1663 565356651551 5. 70. 11155 5655 mit
5515655 665665155663 3556561. 8516135
565561516166156 65356 666 65551566-
651656 1155556511 55156 55551161515. 71. 1115
Β551515515565 6566651655 werden 565 655
8156 5653555651551 666 6156651356 zum
11116131. 65661655 1565515 6511 51655 65656
0555655615 35155556 5. 72. 1115 6515651535
Propositien 55156 55116651 666 6550565551
151655536515155 Wolff 65656113 65355656
5. 73. 1115 Herm Reieheritthe votiren 561
615 Ρ5ορο511156 566 55555 615 (1515111565
zum 555156 e. 71). 1115 5551111565 zum
zweyteu und 615 0556 Aembter 5656 dritten
5. 76. 1155 1665561551] 651 55 mit den
1111656556 5555565651, 55156 5655 6555155356
1531555615566161351 5. 71. 1115 61115515565
1155561156 6151656 5556 6655535655 5. 78.
1155 6116131. Hoff 55651651 115153 156 8166
56 65656 5. 79. 1115 6566651656 5166
66155 5156 551651 6556 5565 5651613 5. 80,
6566 165115 5551156 nir den Lubemireky
65]ι611116135161555561556 haben: 566555
5166 6511113 65551655, 6556 5156 5515655

23

 

