DIARlUM.

1166110 Prima und Zweyter Τ6611. 1675.
111. 168, 6201 Appendix.

W Cz. 11. od 111. 1184110166161166 666

1166 606166166111 sur 606 1111613 666 116-
6661161 16 Polou 1, 69. 1161601116610616
Ρο61611 01616106 1166 zur 161616136631.
300, 101601606 66 61101 661661616666111361

1101166101666 s. 301. 16611 60111161 11611
iiber 666 6661066106 61111666 16 Polou
6116611011 s. 31. 111611. 60131611 1111 661
6661116310 6661316166 Ρο166 11116 immet
oyseriger 1. 36. 1161111660 0016606610 an
600 116613 666 1166131616 10166 a. 67.
Ρο11166 1111106 111606 110611 zu rathen
noch zu 661666 (36366 1111611011) s. 63,
01661166 3103 111601· 616 16161106. Polou
6010611 1016 Ρ661110111111166316 Geld-
16111016 wider 606 ’16101106 6. 219, 310161
616 Τ11161166 61111613 an 1. 321. Ρο111166661·
Adel ist zum Auffsitzen 61610113 1. 69.
Ρο16. 11116131. 16301 11116 mit Volck 11116·
611611 1611111011 1. 63. 10161166011101661-
’163 30116601 61666 36106 66113663. Pri·
61111 Regni wird vom Polnisehen Adel
6066066111 0. 296. 1101661163 16 Ρο166
1611011161 11666611661116611. 116. 6661611
601 Consilii Ρο61 0061116111 16 Polou 1. 67,
bey 66111 Gener. Kolo im 1166131. 111301
bey Golomb 1. 296. 8661101106 11616111
0160 6616666660 001666166661 nach Polen
1. 286, 111 Μο1666 (2961. 6111110 6066
salt in Krim 016 666 16616661611616
3101106 3661666 6. 310. Τ611611161161 Ge·
16116161 zu 0161166661061661116636166611
1. 292. 1111611611... 16661166 zum 111103 wider
Ρο166 6116116611 6611611 6. 16, 1101611166
mit 6111661 011661661111666 11001 16 Podo-
1106 6. 61. 1666 310116 ’1611666113 zum
Krieg 66 1166661 1161116616 1. 260, 1161166
161161161 (10116111 66 Ρο166 1. 261, 1101161606
06661661 11610606 666 6616661310166110-

106 6. 263, 6611111106 61611 11661 610 363611 ·

616 Ρο1οιι 1ο 663111611166 16361666666
36616661 66 1111061166 1. 267. 111161106-
(1616111 16 Polou 11116 j0 11636116 3161161
1. 69. ’11116111666111301066101 10161 66
1161611013 66 6. 321. 161611166061661-
Fahne wird 11666 1116116666 gebracht 1.
326. 11011666166366 1161161166 1666111 111106
11116113 s, 299, (11116 666361060606 1 3021,
11116 6066 6166166 6663060306 1. 302, 30-
11161161 66611611 66166 611013106 11611163
61666 36106 66113663 s. 303. 1161016016-
6011 661010610106 661 30366 610 Γ11116166
36166 9666611 1. 237. 0616106610611660
663666630616 11636111 6. 236, 16 11161·-
161166 1. 298. 111611666- 666 11011666166661
1101001161 1166 11661 daran 1. 3117, 661-
selbun 1116101666 gagen 616 0106-Ρ6106
(ibid.) 1161166306 6666 661 Ρο16116606 006-
166611011 s. 309. 066611116661 (16116111 06
10606 16 60166611. 317. 666610111660
0011166116 haben 1166106111. 3110.

1131011.

- Tui: 31. Τ116110661661 1166-
6163666610106 Diarii Europaei 00611-

1

1106160116166006166161110 anno 1671. Aga
komt 66 1161161166 an, 666 116611106οη
6616 11116130 2 9611111661. 174. 1166116611
zu Dantzig 110366 1106101 8116666661 6.
129. 66611166166661 Ρο10616166 111611111
10110666 1166 zu 1161166116 61110316106161
und Victualion 1. 115. 6611116616660110-
10616166 66301666166 66606 bey 6061 Ρο1-
6166606 60661 666 3111066666 66616616
1, 166. 1166166 16 Ρο61661166606 106 666
Ρο111011 616Τ611616 666 60661616 610 30
306 ihre Weib 666 6161101 6616 1. 168.
31666066613116601 (661-71111111 661 3616
11066663 661· Ρο16116606 0106 1 112.
666306 101611. Genera} 11116106 606 ’161-
1616 1666661166 60110306 1. 139. 006116
66 3616666 3666166611 Ρο11106, den 1111613
6660613666611106 und 16160 606 01606
601111. (1611101 zu 6116366 1. 369. 006-
10661106 616161 zu 016116666111106311161-
116666 1161663 6. 132, 11116 666 016136
Τιι301110101131101 1. 136, 06613011166 3111611-
11611 6. 139. 00611116 gehen bey 601006-
100011011 zu 0101161166 1131166 1101 106
1161116 1. 135. 0606116 0131611166 an 610
Τ11101106 1611 6660111 1. 173. 0106-66166011
16 1ὀ6106 11111 116306 661 Τ611616 661106
Adel 01610 0116611οη, dem 0106-111166611611
1111160 zu 1016166 1. 136. 0666111111 601
0016116666 11106 1611160000 Manu 11111116
1016106 1. 129, 60016101 606 (1060161 Ro·
1616660111111 6061 ’1111106 0166 1111011106
zu 16601106 (ibid) 666113161000616661106
6611176606 mit Ρο6106 161 616161 16111
661 191, 6111161111 66 606 1111613 16 106166
1. 192. 0661611111. 0166666613110666 Ab·
301666166 16 106106 11116 1013116601 666
1101611611-111166606 16 1161116666 61061306
66161106 s. 16 Ι. 6061661111 016 666161110601
von 11601 11116 1016 1111613 16 0061066616
06111116 666 006606616106 16 66161611
gemacht 1. 197. 0010160610 1666116161
1166 6161 1111613 666 110666116116Ρο11166
6. 200. 666-11116606 16 Ρο610111031116
1111116106 11011 6061116601 601 1111111316 die
006601661661) 1. 134 11111660 am 06101161
116301160 8111616 6601606016 dom 1111613 16
0011106 zum Zeiehen ihrer Τ1060 0111660
’1611611161ιο 11611166 3011111366 1. 193.
616661101611 666 6611110606 1060666661106
606 1111111166 66666131661106 16161606 zur
Polnisehen 0106 1. 1111. 61661160. 006666-
1061 Triumph 66 1111116666 11166 663111611-
1166 661. 178. 010116 ’1110611163 16 601
1161166306611610611. 129. 01011-1166101
1161 6166 606 1016160666 7611666106606
Juden und 1116ιο616666 gnte wissenschafft
1. 179. 010116616601116 166106 1611101601
nach Warschau‚ 6611 man 61010661 61601
11116131 616111 10110616666 10110 1. 138.

 

