mmm

116611661316616111666616616616616666111
1116161616 6666 161 ’16116161 6611166 6666
11666666 6111311166 161661666663661161
316166 1161 161166 116 'rarum 6111 06166666
66611666 16 Ρ6166 616 6611161666 1166-
66666 661 1166 6161163 1. 440. 1116 1166131.
1116166 661 6661616666 8116166 61661161·
66666, 6666 1611166131. 1161 ihm 166 61661
6163666161, 1661116366 1611111613 1111 116
111666 1616111666 111111 6141-116116611
Mutius 1667. 11111113 111Ρ6166 66661161
616616 161616666166 66116101161666166666
116116. Η1 11161 166 11611661 1166131661 616
6161661161, 1161161166366 66 11611166661161
und Η666161 1116666 161 8166666616166
661 16166166 6666131 116 See 666666 6.
211- 616661616661611166 1667. 116613
166 1166616166 31661 1661 6616116666 Ab
3616611166 16116616 6. 261. 1631611.

- ’1611 continuatio XVII. oder
6666666161 Τ6611 ete. wie 6666 zwi-
66666 661 0166 Ρ6166 6611166 11636-
116666 Tartaru 666161 den 1161661366
(16166666 eto. 1636116366 1669. 611. 680.
1 6666611111.

0661616161 Polou 61 111. 133-117. (16611667)
Sermo Komormicko od 611. 260-261. (1611
1661) 611. 369-316. (August) 01 111. 147-
167 (6661616661, 6616166666) od 611. 616-
661. (October. 1166166111). 1166666111 (6.
103-1091. 166611 161 166 1. 1116116111·
16666 11611161. 3616666166 8661111666 (1.
109-110). 661616 11616 1116 161 116613 16
Polou bey Η16163663 Κ166 661 scapton
16 Septemb. gethan. - W 1166616161666
66 61616116 6666631616 1661116. Polou
1111631 vom Groutssrken 3616 176111661663
6. 133. Der 11111611166661316666111616161
1111116 1116116666 661166166 6. 134, 1616
1166136 16 Ρ6166 werdon 66666 61111666
6666666666 gegeben 6. 131. 861613616661
66111661 166 6166161 zu 36666. Η611 Mor-
61616 166161 wieder 66116, 11616366661166
von 166 Woywodmhafften kommen auch
bey 11616 66 6. 136. Sermo generosi Ko-
mornioke 6135. 1611616 1161611666 36666
161 6166 Hert 66166111 166161 von 161
6666616666111 66161, (166661666611 nach
6166666 611661 6111 s. 138. Der 5111116616
1166611116 1166666 616616 6661166166, Ρ1666-
111666 1166611116 661166 1166 bey Ηο16 66
ιιι-61161666. 139. Die 1616161666666666
66116 116613 66116611, 11116366 einen Ver·
11616, 1616611111 (166 ’1611616 in Volhynien
6. 140. Der Cron 1111666 1161161663 66
das Τ116ιι66116 66166613. 1616616136 611661
61616 661666 661663, Τ6116116 66611166
aben-mals in 11616116661616 6. 111. Tamo-
66111111 16616666 6636616661. Eine Par·
they 16166 11111 66661166 361116316142.
1161661616666116361661161 11611 6611161661
661661 dea 111616 ’1111166 6161166661 Διι-

mmm

116116. 1116 66116 6661611666111611 61666161.
061116666116 11111 166 1616 (11666 ’11116161
161 Audiens 61166113 6663666111 6611131
von 6616616 11116136 166 Grau 66, stine
1161116 11611611 6116666661. Dor 6161166661
11661111 166 6616611166. (1161 6661 6661666
166 Τ1661 116366 6166611663 1611611616
1166661166 6136666 6166 16 Τ11161666-866111
6. 228-230. -161166 1667. Palm 661
6666 116166 6661661136 nahe, Ρ166611666ι
1661163 11111 6166136661166, 161 81611
’16616 11111 116 6. 16116661 1111666 16161
66661611 663666166666 6. 260. 161666 mit
36116666 1161163, 116116113661161116
11663 616, 116 1116111616 6661 1111161116
666 116 1111666 61666 1. 261, 116 61611
6161661111 1613661166 1161111161, 1161166666
6616166 116 1111666 616, 661 161 11616
616161 161 661361666616 166 ’1611111166
661166. 11661 1166136 16 Ρ6166 11111 666 ι
161111 6. 1162. Ρ1661 wahl bofeymt, 1166661 ’
663661166161 11661 6666 1161616661, 111-
66166 661 66116616. 166611661666 666111·
3666 6163. Hert Graf von 1116666166
163661 66 6. 264. Dos Prinzen 166 066111
6666161166, will von 161 11661316 Ivem
66166, 61666611 166 Pom 166161 11661 die
Ρ16611. wahl. Der 1166131631166 616161
61616 6611166616666611111666. 11611 116
1616166116616666111666661 611 166 1161
Β611661 62661161 116613 Ηο1116166 1611
61661 vie 61 116111 ’16116161166166 3166
666 [armon 16 11666613 66 6. 266. Der
Cron Foldhorr 61661 ihm 616 66666661
66361 tuus. 1116 111666 163611 6166 1161161
66161 lamberg 661 66616161 6666 Gelda 1
1. 267. (1616166166 16661161 6111616166.
(161663666 Turtam 1161166 161 66361616-
6116111, ’1611616 1111611166 6116161616 61666
66166613 661 611 66 116161661666 in Po·
dolien 6. 268. 6616111666 11611611 11000 36
66616366. 06666116 mun 6166 don 06161666
6136666 6. 269. Dio [1166161666166161
werdon 6611616666613116666 0616116166
666611 6636666116. 1161 Annae 1111111611
6636661166 6. 260. -· 6631161116. 1661.
1166116636 (1661663616 161661 6666 ’1111-
616166161111111611666. (1666611. 11111 zu {
1116166666 6636616361. Der 1166 11616166· 1
magt 6111166 6111666161 1661. 1
Dio 61611 ’16616 161 16 6166 16166136166
16613 661 116 stan 61616366 1611 16161
1166616663 6. 340. ’166666116ιὶ66 616161
61666611 6. 341. 1161 1111613 66616161 161
’1611616661666 1161161161661166666.116666·
1111661161 (1611661161 1161661 6666 wmehnu.
1116 Turtam 16116 6661611161 16 11666666 116
s. 340. Polniseh 611666 kz 6166 nieht
1166166. 111116616161 Ρ1116 1116611116161-
1616 1661161 66.·Ρ61616666 111666 161 gar =
6661111113. 1116 Η. H. 061616661166 16 Lem· =
6613 16166166666 161 (1611 6. 341, (110 1
(1661166166 16661661661616 11616 ’161ῐῦ
6616111666 16161161 1161166 6636166161

 

